0.00 1.5000 1.5000 1.5000 1.5000 -0.0000 0.0000
0.25 1.5000 1.5000 1.5000 1.5000 -0.0000 0.0000
0.50 1.4999 1.4999 1.4999 1.4999 -0.0001 0.0000
0.75 1.4999 1.4999 1.4999 1.4999 -0.0001 0.0000
1.00 1.4998 1.4998 1.4998 1.4998 -0.0002 0.0000
1.25 1.4996 1.4996 1.4996 1.4996 -0.0004 0.0000
1.50 1.4995 1.4995 1.4995 1.4995 -0.0005 0.0000
1.75 1.4993 1.4993 1.4993 1.4993 -0.0007 0.0000
2.00 1.4991 1.4991 1.4991 1.4991 -0.0009 0.0000
2.25 1.4988 1.4988 1.4988 1.4988 -0.0012 0.0000
2.50 1.4986 1.4986 1.4986 1.4986 -0.0014 0.0000
2.75 1.4983 1.4983 1.4983 1.4983 -0.0017 0.0000
3.00 1.4979 1.4979 1.4979 1.4979 -0.0021 0.0000
3.25 1.4976 1.4976 1.4976 1.4976 -0.0024 0.0000
3.50 1.4972 1.4972 1.4972 1.4972 -0.0028 0.0000
3.75 1.4968 1.4968 1.4968 1.4968 -0.0032 0.0000
4.00 1.4964 1.4964 1.4963 1.4963 -0.0036 0.0000
4.25 1.4959 1.4959 1.4959 1.4959 -0.0041 0.0000
4.50 1.4954 1.4954 1.4954 1.4954 -0.0046 0.0000
4.75 1.4949 1.4949 1.4948 1.4948 -0.0051 0.0000
5.00 1.4943 1.4943 1.4943 1.4943 -0.0057 0.0000
5.25 1.4937 1.4937 1.4937 1.4937 -0.0063 0.0000
5.50 1.4931 1.4931 1.4931 1.4931 -0.0069 0.0000
5.75 1.4925 1.4925 1.4925 1.4925 -0.0075 0.0000
6.00 1.4918 1.4918 1.4918 1.4918 -0.0082 0.0000
6.25 1.4911 1.4911 1.4911 1.4911 -0.0089 0.0000
6.50 1.4904 1.4904 1.4904 1.4904 -0.0096 0.0000
6.75 1.4896 1.4896 1.4896 1.4896 -0.0104 0.0000
7.00 1.4889 1.4889 1.4888 1.4888 -0.0111 0.0000
7.25 1.4881 1.4881 1.4880 1.4880 -0.0119 0.0000
7.50 1.4872 1.4872 1.4872 1.4872 -0.0128 0.0000
7.75 1.4864 1.4864 1.4863 1.4863 -0.0136 0.0000
8.00 1.4855 1.4855 1.4854 1.4854 -0.0145 0.0000
8.25 1.4846 1.4846 1.4845 1.4845 -0.0154 0.0000
8.50 1.4836 1.4836 1.4835 1.4835 -0.0164 0.0000
8.75 1.4826 1.4826 1.4825 1.4825 -0.0174 0.0000
9.00 1.4816 1.4816 1.4815 1.4815 -0.0184 0.0000
9.25 1.4806 1.4806 1.4805 1.4805 -0.0194 0.0000
9.50 1.4796 1.4796 1.4794 1.4794 -0.0204 0.0000
9.75 1.4785 1.4785 1.4783 1.4783 -0.0215 0.0000
10.00 1.4774 1.4774 1.4772 1.4772 -0.0226 0.0000
10.25 1.4763 1.4763 1.4761 1.4761 -0.0237 0.0000
10.50 1.4751 1.4751 1.4749 1.4749 -0.0249 0.0000
10.75 1.4739 1.4739 1.4737 1.4737 -0.0261 0.0000
11.00 1.4727 1.4727 1.4724 1.4724 -0.0273 0.0000
11.25 1.4715 1.4715 1.4712 1.4712 -0.0285 0.0000
11.50 1.4702 1.4702 1.4699 1.4699 -0.0298 0.0000
11.75 1.4689 1.4689 1.4686 1.4686 -0.0311 0.0000
12.00 1.4676 1.4676 1.4672 1.4672 -0.0324 0.0000
12.25 1.4662 1.4662 1.4658 1.4658 -0.0338 0.0000
12.50 1.4649 1.4649 1.4644 1.4644 -0.0351 0.0000
12.75 1.4635 1.4635 1.4630 1.4630 -0.0365 0.0000
13.00 1.4620 1.4620 1.4616 1.4616 -0.0380 0.0000
13.25 1.4606 1.4606 1.4601 1.4601 -0.0394 0.0000
13.50 1.4591 1.4591 1.4586 1.4586 -0.0409 0.0000
13.75 1.4576 1.4576 1.4570 1.4570 -0.0424 0.0000
14.00 1.4561 1.4561 1.4554 1.4554 -0.0439 0.0000
14.25 1.4546 1.4546 1.4538 1.4538 -0.0454 0.0000
14.50 1.4530 1.4530 1.4522 1.4522 -0.0470 0.0000
14.75 1.4514 1.4514 1.4506 1.4506 -0.0486 0.0000
15.00 1.4498 1.4498 1.4489 1.4489 -0.0502 0.0000
15.25 1.4481 1.4481 1.4472 1.4472 -0.0519 0.0000
15.50 1.4464 1.4464 1.4454 1.4454 -0.0536 0.0000
15.75 1.4447 1.4447 1.4437 1.4437 -0.0553 0.0000
16.00 1.4430 1.4430 1.4419 1.4419 -0.0570 0.0000
16.25 1.4413 1.4413 1.4401 1.4401 -0.0587 0.0000
16.50 1.4395 1.4395 1.4382 1.4382 -0.0605 0.0000
16.75 1.4377 1.4377 1.4364 1.4364 -0.0623 0.0000
17.00 1.4359 1.4359 1.4345 1.4345 -0.0641 0.0000
17.25 1.4340 1.4340 1.4325 1.4325 -0.0660 0.0000
17.50 1.4322 1.4322 1.4306 1.4306 -0.0678 0.0000
17.75 1.4303 1.4303 1.4286 1.4286 -0.0697 0.0000
18.00 1.4284 1.4284 1.4266 1.4266 -0.0716 0.0000
18.25 1.4264 1.4264 1.4245 1.4245 -0.0736 0.0000
18.50 1.4245 1.4245 1.4225 1.4225 -0.0755 0.0000
18.75 1.4225 1.4225 1.4204 1.4204 -0.0775 0.0000
19.00 1.4205 1.4205 1.4183 1.4183 -0.0795 0.0000
19.25 1.4185 1.4185 1.4161 1.4161 -0.0815 0.0000
19.50 1.4164 1.4164 1.4140 1.4140 -0.0836 0.0000
19.75 1.4144 1.4144 1.4118 1.4118 -0.0856 0.0000
20.00 1.4123 1.4123 1.4095 1.4095 -0.0877 0.0000
20.25 1.4102 1.4102 1.4073 1.4073 -0.0898 0.0000
20.50 1.4080 1.4080 1.4050 1.4050 -0.0920 0.0000
20.75 1.4059 1.4059 1.4027 1.4027 -0.0941 0.0000
21.00 1.4037 1.4037 1.4004 1.4004 -0.0963 0.0000
21.25 1.4015 1.4015 1.3980 1.3980 -0.0985 0.0000
21.50 1.3993 1.3993 1.3956 1.3956 -0.1007 0.0000
21.75 1.3970 1.3970 1.3932 1.3932 -0.1030 0.0000
22.00 1.3948 1.3948 1.3908 1.3908 -0.1052 0.0000
22.25 1.3925 1.3925 1.3883 1.3883 -0.1075 0.0000
22.50 1.3902 1.3902 1.3858 1.3858 -0.1098 0.0000
22.75 1.3878 1.3878 1.3833 1.3833 -0.1122 0.0000
23.00 1.3855 1.3855 1.3808 1.3808 -0.1145 0.0000
23.25 1.3831 1.3831 1.3782 1.3782 -0.1169 0.0000
23.50 1.3807 1.3807 1.3756 1.3756 -0.1193 0.0000
23.75 1.3783 1.3783 1.3730 1.3730 -0.1217 0.0000
24.00 1.3759 1.3759 1.3703 1.3703 -0.1241 0.0000
24.25 1.3735 1.3735 1.3676 1.3676 -0.1265 0.0000
24.50 1.3710 1.3710 1.3649 1.3649 -0.1290 0.0000
24.75 1.3685 1.3685 1.3622 1.3622 -0.1315 0.0000
25.00 1.3660 1.3660 1.3595 1.3595 -0.1340 0.0000
25.25 1.3635 1.3635 1.3567 1.3567 -0.1365 0.0000
25.50 1.3610 1.3610 1.3539 1.3539 -0.1390 0.0000
25.75 1.3584 1.3584 1.3510 1.3510 -0.1416 0.0000
26.00 1.3559 1.3559 1.3482 1.3482 -0.1441 0.0000
26.25 1.3533 1.3533 1.3453 1.3453 -0.1467 0.0000
26.50 1.3507 1.3507 1.3424 1.3424 -0.1493 0.0000
26.75 1.3481 1.3481 1.3395 1.3395 -0.1519 0.0000
27.00 1.3454 1.3454 1.3365 1.3365 -0.1546 0.0000
27.25 1.3428 1.3428 1.3335 1.3335 -0.1572 0.0000
27.50 1.3401 1.3401 1.3305 1.3305 -0.1599 0.0000
27.75 1.3374 1.3374 1.3275 1.3275 -0.1626 0.0000
28.00 1.3347 1.3347 1.3244 1.3244 -0.1653 0.0000
28.25 1.3320 1.3320 1.3213 1.3213 -0.1680 0.0000
28.50 1.3292 1.3292 1.3182 1.3182 -0.1708 0.0000
28.75 1.3265 1.3265 1.3151 1.3151 -0.1735 0.0000
29.00 1.3237 1.3237 1.3119 1.3119 -0.1763 0.0000
29.25 1.3209 1.3209 1.3087 1.3087 -0.1791 0.0000
29.50 1.3181 1.3181 1.3055 1.3055 -0.1819 0.0000
29.75 1.3153 1.3153 1.3023 1.3023 -0.1847 0.0000
30.00 1.3125 1.3125 1.2990 1.2990 -0.1875 0.0000
30.25 1.3097 1.3097 1.2958 1.2958 -0.1903 0.0000
30.50 1.3068 1.3068 1.2924 1.2924 -0.1932 0.0000
30.75 1.3039 1.3039 1.2891 1.2891 -0.1961 0.0000
31.00 1.3011 1.3011 1.2858 1.2858 -0.1989 0.0000
31.25 1.2982 1.2982 1.2824 1.2824 -0.2018 0.0000
31.50 1.2952 1.2952 1.2790 1.2790 -0.2048 0.0000
31.75 1.2923 1.2923 1.2755 1.2755 -0.2077 0.0000
32.00 1.2894 1.2894 1.2721 1.2721 -0.2106 0.0000
32.25 1.2864 1.2864 1.2686 1.2686 -0.2136 0.0000
32.50 1.2835 1.2835 1.2651 1.2651 -0.2165 0.0000
32.75 1.2805 1.2805 1.2616 1.2616 -0.2195 0.0000
33.00 1.2775 1.2775 1.2580 1.2580 -0.2225 0.0000
33.25 1.2745 1.2745 1.2544 1.2544 -0.2255 0.0000
33.50 1.2715 1.2715 1.2508 1.2508 -0.2285 0.0000
33.75 1.2685 1.2685 1.2472 1.2472 -0.2315 0.0000
34.00 1.2655 1.2655 1.2436 1.2436 -0.2345 0.0000
34.25 1.2624 1.2624 1.2399 1.2399 -0.2376 0.0000
34.50 1.2594 1.2594 1.2362 1.2362 -0.2406 0.0000
34.75 1.2563 1.2563 1.2325 1.2325 -0.2437 0.0000
35.00 1.2533 1.2533 1.2287 1.2287 -0.2467 0.0000
35.25 1.2502 1.2502 1.2250 1.2250 -0.2498 0.0000
35.50 1.2471 1.2471 1.2212 1.2212 -0.2529 0.0000
35.75 1.2440 1.2440 1.2174 1.2174 -0.2560 0.0000
36.00 1.2409 1.2409 1.2135 1.2135 -0.2591 0.0000
36.25 1.2378 1.2378 1.2097 1.2097 -0.2622 0.0000
36.50 1.2346 1.2346 1.2058 1.2058 -0.2654 0.0000
36.75 1.2315 1.2315 1.2019 1.2019 -0.2685 0.0000
37.00 1.2284 1.2284 1.1980 1.1980 -0.2716 0.0000
37.25 1.2252 1.2252 1.1940 1.1940 -0.2748 0.0000
37.50 1.2221 1.2221 1.1900 1.1900 -0.2779 0.0000
37.75 1.2189 1.2189 1.1860 1.1860 -0.2811 0.0000
38.00 1.2157 1.2157 1.1820 1.1820 -0.2843 0.0000
38.25 1.2125 1.2125 1.1780 1.1780 -0.2875 0.0000
38.50 1.2094 1.2094 1.1739 1.1739 -0.2906 0.0000
38.75 1.2062 1.2062 1.1698 1.1698 -0.2938 0.0000
39.00 1.2030 1.2030 1.1657 1.1657 -0.2970 0.0000
39.25 1.1998 1.1998 1.1616 1.1616 -0.3002 0.0000
39.50 1.1966 1.1966 1.1574 1.1574 -0.3034 0.0000
39.75 1.1933 1.1933 1.1533 1.1533 -0.3067 0.0000
40.00 1.1901 1.1901 1.1491 1.1491 -0.3099 0.0000
40.25 1.1869 1.1869 1.1448 1.1448 -0.3131 0.0000
40.50 1.1837 1.1837 1.1406 1.1406 -0.3163 0.0000
40.75 1.1804 1.1804 1.1363 1.1363 -0.3196 0.0000
41.00 1.1772 1.1772 1.1321 1.1321 -0.3228 0.0000
41.25 1.1739 1.1739 1.1278 1.1278 -0.3261 0.0000
41.50 1.1707 1.1707 1.1234 1.1234 -0.3293 0.0000
41.75 1.1675 1.1675 1.1191 1.1191 -0.3325 0.0000
42.00 1.1642 1.1642 1.1147 1.1147 -0.3358 0.0000
42.25 1.1609 1.1609 1.1103 1.1103 -0.3391 0.0000
42.50 1.1577 1.1577 1.1059 1.1059 -0.3423 0.0000
42.75 1.1544 1.1544 1.1015 1.1015 -0.3456 0.0000
43.00 1.1512 1.1512 1.0970 1.0970 -0.3488 0.0000
43.25 1.1479 1.1479 1.0926 1.0926 -0.3521 0.0000
43.50 1.1446 1.1446 1.0881 1.0881 -0.3554 0.0000
43.75 1.1414 1.1414 1.0835 1.0835 -0.3586 0.0000
44.00 1.1381 1.1381 1.0790 1.0790 -0.3619 0.0000
44.25 1.1348 1.1348 1.0745 1.0745 -0.3652 0.0000
44.50 1.1315 1.1315 1.0699 1.0699 -0.3685 0.0000
44.75 1.1283 1.1283 1.0653 1.0653 -0.3717 0.0000
45.00 1.1250 1.1250 1.0607 1.0607 -0.3750 0.0000
45.25 1.1217 1.1217 1.0560 1.0560 -0.3783 0.0000
45.50 1.1185 1.1185 1.0514 1.0514 -0.3815 0.0000
45.75 1.1152 1.1152 1.0467 1.0467 -0.3848 0.0000
46.00 1.1119 1.1119 1.0420 1.0420 -0.3881 0.0000
46.25 1.1086 1.1086 1.0373 1.0373 -0.3914 0.0000
46.50 1.1054 1.1054 1.0325 1.0325 -0.3946 0.0000
46.75 1.1021 1.1021 1.0278 1.0278 -0.3979 0.0000
47.00 1.0988 1.0988 1.0230 1.0230 -0.4012 0.0000
47.25 1.0956 1.0956 1.0182 1.0182 -0.4044 0.0000
47.50 1.0923 1.0923 1.0134 1.0134 -0.4077 0.0000
47.75 1.0891 1.0891 1.0086 1.0086 -0.4109 0.0000
48.00 1.0858 1.0858 1.0037 1.0037 -0.4142 0.0000
48.25 1.0825 1.0825 0.9988 0.9988 -0.4175 0.0000
48.50 1.0793 1.0793 0.9939 0.9939 -0.4207 0.0000
48.75 1.0761 1.0761 0.9890 0.9890 -0.4239 0.0000
49.00 1.0728 1.0728 0.9841 0.9841 -0.4272 0.0000
49.25 1.0696 1.0696 0.9791 0.9791 -0.4304 0.0000
49.50 1.0663 1.0663 0.9742 0.9742 -0.4337 0.0000
49.75 1.0631 1.0631 0.9692 0.9692 -0.4369 0.0000
50.00 1.0599 1.0599 0.9642 0.9642 -0.4401 0.0000
50.25 1.0567 1.0567 0.9592 0.9592 -0.4433 0.0000
50.50 1.0534 1.0534 0.9541 0.9541 -0.4466 0.0000
50.75 1.0502 1.0502 0.9491 0.9491 -0.4498 0.0000
51.00 1.0470 1.0470 0.9440 0.9440 -0.4530 0.0000
51.25 1.0438 1.0438 0.9389 0.9389 -0.4562 0.0000
51.50 1.0406 1.0406 0.9338 0.9338 -0.4594 0.0000
51.75 1.0375 1.0375 0.9286 0.9286 -0.4625 0.0000
52.00 1.0343 1.0343 0.9235 0.9235 -0.4657 0.0000
52.25 1.0311 1.0311 0.9183 0.9183 -0.4689 0.0000
52.50 1.0279 1.0279 0.9131 0.9131 -0.4721 0.0000
52.75 1.0248 1.0248 0.9079 0.9079 -0.4752 0.0000
53.00 1.0216 1.0216 0.9027 0.9027 -0.4784 0.0000
53.25 1.0185 1.0185 0.8975 0.8975 -0.4815 0.0000
53.50 1.0154 1.0154 0.8922 0.8922 -0.4846 0.0000
53.75 1.0122 1.0122 0.8870 0.8870 -0.4878 0.0000
54.00 1.0091 1.0091 0.8817 0.8817 -0.4909 0.0000
54.25 1.0060 1.0060 0.8764 0.8764 -0.4940 0.0000
54.50 1.0029 1.0029 0.8711 0.8711 -0.4971 0.0000
54.75 0.9998 0.9998 0.8657 0.8657 -0.5002 0.0000
55.00 0.9967 0.9967 0.8604 0.8604 -0.5033 0.0000
55.25 0.9937 0.9937 0.8550 0.8550 -0.5063 0.0000
55.50 0.9906 0.9906 0.8496 0.8496 -0.5094 0.0000
55.75 0.9876 0.9876 0.8442 0.8442 -0.5124 0.0000
56.00 0.9845 0.9845 0.8388 0.8388 -0.5155 0.0000
56.25 0.9815 0.9815 0.8334 0.8334 -0.5185 0.0000
56.50 0.9785 0.9785 0.8279 0.8279 -0.5215 0.0000
56.75 0.9755 0.9755 0.8224 0.8224 -0.5245 0.0000
57.00 0.9725 0.9725 0.8170 0.8170 -0.5275 0.0000
57.25 0.9695 0.9695 0.8115 0.8115 -0.5305 0.0000
57.50 0.9665 0.9665 0.8059 0.8059 -0.5335 0.0000
57.75 0.9636 0.9636 0.8004 0.8004 -0.5364 0.0000
58.00 0.9606 0.9606 0.7949 0.7949 -0.5394 0.0000
58.25 0.9577 0.9577 0.7893 0.7893 -0.5423 0.0000
58.50 0.9548 0.9548 0.7837 0.7837 -0.5452 0.0000
58.75 0.9518 0.9518 0.7782 0.7782 -0.5482 0.0000
59.00 0.9489 0.9489 0.7726 0.7726 -0.5511 0.0000
59.25 0.9461 0.9461 0.7669 0.7669 -0.5539 0.0000
59.50 0.9432 0.9432 0.7613 0.7613 -0.5568 0.0000
59.75 0.9403 0.9403 0.7557 0.7557 -0.5597 0.0000
60.00 0.9375 0.9375 0.7500 0.7500 -0.5625 0.0000
60.25 0.9347 0.9347 0.7443 0.7443 -0.5653 0.0000
60.50 0.9319 0.9319 0.7386 0.7386 -0.5681 0.0000
60.75 0.9291 0.9291 0.7329 0.7329 -0.5709 0.0000
61.00 0.9263 0.9263 0.7272 0.7272 -0.5737 0.0000
61.25 0.9235 0.9235 0.7215 0.7215 -0.5765 0.0000
61.50 0.9208 0.9208 0.7157 0.7157 -0.5792 0.0000
61.75 0.9180 0.9180 0.7100 0.7100 -0.5820 0.0000
62.00 0.9153 0.9153 0.7042 0.7042 -0.5847 0.0000
62.25 0.9126 0.9126 0.6984 0.6984 -0.5874 0.0000
62.50 0.9099 0.9099 0.6926 0.6926 -0.5901 0.0000
62.75 0.9072 0.9072 0.6868 0.6868 -0.5928 0.0000
63.00 0.9046 0.9046 0.6810 0.6810 -0.5954 0.0000
63.25 0.9019 0.9019 0.6751 0.6751 -0.5981 0.0000
63.50 0.8993 0.8993 0.6693 0.6693 -0.6007 0.0000
63.75 0.8967 0.8967 0.6634 0.6634 -0.6033 0.0000
64.00 0.8941 0.8941 0.6576 0.6576 -0.6059 0.0000
64.25 0.8916 0.8916 0.6517 0.6517 -0.6084 0.0000
64.50 0.8890 0.8890 0.6458 0.6458 -0.6110 0.0000
64.75 0.8865 0.8865 0.6399 0.6399 -0.6135 0.0000
65.00 0.8840 0.8840 0.6339 0.6339 -0.6160 0.0000
65.25 0.8815 0.8815 0.6280 0.6280 -0.6185 0.0000
65.50 0.8790 0.8790 0.6220 0.6220 -0.6210 0.0000
65.75 0.8765 0.8765 0.6161 0.6161 -0.6235 0.0000
66.00 0.8741 0.8741 0.6101 0.6101 -0.6259 0.0000
66.25 0.8717 0.8717 0.6041 0.6041 -0.6283 0.0000
66.50 0.8693 0.8693 0.5981 0.5981 -0.6307 0.0000
66.75 0.8669 0.8669 0.5921 0.5921 -0.6331 0.0000
67.00 0.8645 0.8645 0.5861 0.5861 -0.6355 0.0000
67.25 0.8622 0.8622 0.5801 0.5801 -0.6378 0.0000
67.50 0.8598 0.8598 0.5740 0.5740 -0.6402 0.0000
67.75 0.8575 0.8575 0.5680 0.5680 -0.6425 0.0000
68.00 0.8552 0.8552 0.5619 0.5619 -0.6448 0.0000
68.25 0.8530 0.8530 0.5558 0.5558 -0.6470 0.0000
68.50 0.8507 0.8507 0.5498 0.5498 -0.6493 0.0000
68.75 0.8485 0.8485 0.5437 0.5437 -0.6515 0.0000
69.00 0.8463 0.8463 0.5376 0.5376 -0.6537 0.0000
69.25 0.8441 0.8441 0.5314 0.5314 -0.6559 0.0000
69.50 0.8420 0.8420 0.5253 0.5253 -0.6580 0.0000
69.75 0.8398 0.8398 0.5192 0.5192 -0.6602 0.0000
70.00 0.8377 0.8377 0.5130 0.5130 -0.6623 0.0000
70.25 0.8356 0.8356 0.5069 0.5069 -0.6644 0.0000
70.50 0.8336 0.8336 0.5007 0.5007 -0.6664 0.0000
70.75 0.8315 0.8315 0.4945 0.4945 -0.6685 0.0000
71.00 0.8295 0.8295 0.4884 0.4884 -0.6705 0.0000
71.25 0.8275 0.8275 0.4822 0.4822 -0.6725 0.0000
71.50 0.8255 0.8255 0.4760 0.4760 -0.6745 0.0000
71.75 0.8236 0.8236 0.4697 0.4697 -0.6764 0.0000
72.00 0.8216 0.8216 0.4635 0.4635 -0.6784 0.0000
72.25 0.8197 0.8197 0.4573 0.4573 -0.6803 0.0000
72.50 0.8178 0.8178 0.4511 0.4511 -0.6822 0.0000
72.75 0.8160 0.8160 0.4448 0.4448 -0.6840 0.0000
73.00 0.8141 0.8141 0.4386 0.4386 -0.6859 0.0000
73.25 0.8123 0.8123 0.4323 0.4323 -0.6877 0.0000
73.50 0.8105 0.8105 0.4260 0.4260 -0.6895 0.0000
73.75 0.8087 0.8087 0.4197 0.4197 -0.6913 0.0000
74.00 0.8070 0.8070 0.4135 0.4135 -0.6930 0.0000
74.25 0.8053 0.8053 0.4072 0.4072 -0.6947 0.0000
74.50 0.8036 0.8036 0.4009 0.4009 -0.6964 0.0000
74.75 0.8019 0.8019 0.3945 0.3945 -0.6981 0.0000
75.00 0.8002 0.8002 0.3882 0.3882 -0.6998 0.0000
75.25 0.7986 0.7986 0.3819 0.3819 -0.7014 0.0000
75.50 0.7970 0.7970 0.3756 0.3756 -0.7030 0.0000
75.75 0.7954 0.7954 0.3692 0.3692 -0.7046 0.0000
76.00 0.7939 0.7939 0.3629 0.3629 -0.7061 0.0000
76.25 0.7924 0.7924 0.3565 0.3565 -0.7076 0.0000
76.50 0.7909 0.7909 0.3502 0.3502 -0.7091 0.0000
76.75 0.7894 0.7894 0.3438 0.3438 -0.7106 0.0000
77.00 0.7880 0.7880 0.3374 0.3374 -0.7120 0.0000
77.25 0.7865 0.7865 0.3310 0.3310 -0.7135 0.0000
77.50 0.7851 0.7851 0.3247 0.3247 -0.7149 0.0000
77.75 0.7838 0.7838 0.3183 0.3183 -0.7162 0.0000
78.00 0.7824 0.7824 0.3119 0.3119 -0.7176 0.0000
78.25 0.7811 0.7811 0.3055 0.3055 -0.7189 0.0000
78.50 0.7798 0.7798 0.2991 0.2991 -0.7202 0.0000
78.75 0.7785 0.7785 0.2926 0.2926 -0.7215 0.0000
79.00 0.7773 0.7773 0.2862 0.2862 -0.7227 0.0000
79.25 0.7761 0.7761 0.2798 0.2798 -0.7239 0.0000
79.50 0.7749 0.7749 0.2734 0.2734 -0.7251 0.0000
79.75 0.7737 0.7737 0.2669 0.2669 -0.7263 0.0000
80.00 0.7726 0.7726 0.2605 0.2605 -0.7274 0.0000
80.25 0.7715 0.7715 0.2540 0.2540 -0.7285 0.0000
80.50 0.7704 0.7704 0.2476 0.2476 -0.7296 0.0000
80.75 0.7694 0.7694 0.2411 0.2411 -0.7306 0.0000
81.00 0.7684 0.7684 0.2347 0.2347 -0.7316 0.0000
81.25 0.7674 0.7674 0.2282 0.2282 -0.7326 0.0000
81.50 0.7664 0.7664 0.2217 0.2217 -0.7336 0.0000
81.75 0.7654 0.7654 0.2152 0.2152 -0.7346 0.0000
82.00 0.7645 0.7645 0.2088 0.2088 -0.7355 0.0000
82.25 0.7636 0.7636 0.2023 0.2023 -0.7364 0.0000
82.50 0.7628 0.7628 0.1958 0.1958 -0.7372 0.0000
82.75 0.7619 0.7619 0.1893 0.1893 -0.7381 0.0000
83.00 0.7611 0.7611 0.1828 0.1828 -0.7389 0.0000
83.25 0.7604 0.7604 0.1763 0.1763 -0.7396 0.0000
83.50 0.7596 0.7596 0.1698 0.1698 -0.7404 0.0000
83.75 0.7589 0.7589 0.1633 0.1633 -0.7411 0.0000
84.00 0.7582 0.7582 0.1568 0.1568 -0.7418 0.0000
84.25 0.7575 0.7575 0.1503 0.1503 -0.7425 0.0000
84.50 0.7569 0.7569 0.1438 0.1438 -0.7431 0.0000
84.75 0.7563 0.7563 0.1373 0.1373 -0.7437 0.0000
85.00 0.7557 0.7557 0.1307 0.1307 -0.7443 0.0000
85.25 0.7551 0.7551 0.1242 0.1242 -0.7449 0.0000
85.50 0.7546 0.7546 0.1177 0.1177 -0.7454 0.0000
85.75 0.7541 0.7541 0.1112 0.1112 -0.7459 0.0000
86.00 0.7536 0.7536 0.1046 0.1046 -0.7464 0.0000
86.25 0.7532 0.7532 0.0981 0.0981 -0.7468 0.0000
86.50 0.7528 0.7528 0.0916 0.0916 -0.7472 0.0000
86.75 0.7524 0.7524 0.0850 0.0850 -0.7476 0.0000
87.00 0.7521 0.7521 0.0785 0.0785 -0.7479 0.0000
87.25 0.7517 0.7517 0.0720 0.0720 -0.7483 0.0000
87.50 0.7514 0.7514 0.0654 0.0654 -0.7486 0.0000
87.75 0.7512 0.7512 0.0589 0.0589 -0.7488 0.0000
88.00 0.7509 0.7509 0.0523 0.0523 -0.7491 0.0000
88.25 0.7507 0.7507 0.0458 0.0458 -0.7493 0.0000
88.50 0.7505 0.7505 0.0393 0.0393 -0.7495 0.0000
88.75 0.7504 0.7504 0.0327 0.0327 -0.7496 0.0000
89.00 0.7502 0.7502 0.0262 0.0262 -0.7498 0.0000
89.25 0.7501 0.7501 0.0196 0.0196 -0.7499 0.0000
89.50 0.7501 0.7501 0.0131 0.0131 -0.7499 0.0000
89.75 0.7500 0.7500 0.0065 0.0065 -0.7500 0.0000
90.00 0.7500 0.7500 0.0000 0.0000 -0.7500 0.0000
90.25 0.7500 0.7500 -0.0065 -0.0065 -0.7500 0.0000
90.50 0.7501 0.7501 -0.0131 -0.0131 -0.7499 0.0000
90.75 0.7501 0.7501 -0.0196 -0.0196 -0.7499 0.0000
91.00 0.7502 0.7502 -0.0262 -0.0262 -0.7498 0.0000
91.25 0.7504 0.7504 -0.0327 -0.0327 -0.7496 0.0000
91.50 0.7505 0.7505 -0.0393 -0.0393 -0.7495 0.0000
91.75 0.7507 0.7507 -0.0458 -0.0458 -0.7493 0.0000
92.00 0.7509 0.7509 -0.0523 -0.0523 -0.7491 0.0000
92.25 0.7512 0.7512 -0.0589 -0.0589 -0.7488 0.0000
92.50 0.7514 0.7514 -0.0654 -0.0654 -0.7486 0.0000
92.75 0.7517 0.7517 -0.0720 -0.0720 -0.7483 0.0000
93.00 0.7521 0.7521 -0.0785 -0.0785 -0.7479 0.0000
93.25 0.7524 0.7524 -0.0850 -0.0850 -0.7476 0.0000
93.50 0.7528 0.7528 -0.0916 -0.0916 -0.7472 0.0000
93.75 0.7532 0.7532 -0.0981 -0.0981 -0.7468 0.0000
94.00 0.7536 0.7536 -0.1046 -0.1046 -0.7464 0.0000
94.25 0.7541 0.7541 -0.1112 -0.1112 -0.7459 0.0000
94.50 0.7546 0.7546 -0.1177 -0.1177 -0.7454 0.0000
94.75 0.7551 0.7551 -0.1242 -0.1242 -0.7449 0.0000
95.00 0.7557 0.7557 -0.1307 -0.1307 -0.7443 0.0000
95.25 0.7563 0.7563 -0.1373 -0.1373 -0.7437 0.0000
95.50 0.7569 0.7569 -0.1438 -0.1438 -0.7431 0.0000
95.75 0.7575 0.7575 -0.1503 -0.1503 -0.7425 0.0000
96.00 0.7582 0.7582 -0.1568 -0.1568 -0.7418 0.0000
96.25 0.7589 0.7589 -0.1633 -0.1633 -0.7411 0.0000
96.50 0.7596 0.7596 -0.1698 -0.1698 -0.7404 0.0000
96.75 0.7604 0.7604 -0.1763 -0.1763 -0.7396 0.0000
97.00 0.7611 0.7611 -0.1828 -0.1828 -0.7389 0.0000
97.25 0.7619 0.7619 -0.1893 -0.1893 -0.7381 0.0000
97.50 0.7628 0.7628 -0.1958 -0.1958 -0.7372 0.0000
97.75 0.7636 0.7636 -0.2023 -0.2023 -0.7364 0.0000
98.00 0.7645 0.7645 -0.2088 -0.2088 -0.7355 0.0000
98.25 0.7654 0.7654 -0.2152 -0.2152 -0.7346 0.0000
98.50 0.7664 0.7664 -0.2217 -0.2217 -0.7336 0.0000
98.75 0.7674 0.7674 -0.2282 -0.2282 -0.7326 0.0000
99.00 0.7684 0.7684 -0.2347 -0.2347 -0.7316 0.0000
99.25 0.7694 0.7694 -0.2411 -0.2411 -0.7306 0.0000
99.50 0.7704 0.7704 -0.2476 -0.2476 -0.7296 0.0000
99.75 0.7715 0.7715 -0.2540 -0.2540 -0.7285 0.0000
100.00 0.7726 0.7726 -0.2605 -0.2605 -0.7274 0.0000
100.25 0.7737 0.7737 -0.2669 -0.2669 -0.7263 0.0000
100.50 0.7749 0.7749 -0.2734 -0.2734 -0.7251 0.0000
100.75 0.7761 0.7761 -0.2798 -0.2798 -0.7239 0.0000
101.00 0.7773 0.7773 -0.2862 -0.2862 -0.7227 0.0000
101.25 0.7785 0.7785 -0.2926 -0.2926 -0.7215 0.0000
101.50 0.7798 0.7798 -0.2991 -0.2991 -0.7202 0.0000
101.75 0.7811 0.7811 -0.3055 -0.3055 -0.7189 0.0000
102.00 0.7824 0.7824 -0.3119 -0.3119 -0.7176 0.0000
102.25 0.7838 0.7838 -0.3183 -0.3183 -0.7162 0.0000
102.50 0.7851 0.7851 -0.3247 -0.3247 -0.7149 0.0000
102.75 0.7865 0.7865 -0.3310 -0.3310 -0.7135 0.0000
103.00 0.7880 0.7880 -0.3374 -0.3374 -0.7120 0.0000
103.25 0.7894 0.7894 -0.3438 -0.3438 -0.7106 0.0000
103.50 0.7909 0.7909 -0.3502 -0.3502 -0.7091 0.0000
103.75 0.7924 0.7924 -0.3565 -0.3565 -0.7076 0.0000
104.00 0.7939 0.7939 -0.3629 -0.3629 -0.7061 0.0000
104.25 0.7954 0.7954 -0.3692 -0.3692 -0.7046 0.0000
104.50 0.7970 0.7970 -0.3756 -0.3756 -0.7030 0.0000
104.75 0.7986 0.7986 -0.3819 -0.3819 -0.7014 0.0000
105.00 0.8002 0.8002 -0.3882 -0.3882 -0.6998 0.0000
105.25 0.8019 0.8019 -0.3945 -0.3945 -0.6981 0.0000
105.50 0.8036 0.8036 -0.4009 -0.4009 -0.6964 0.0000
105.75 0.8053 0.8053 -0.4072 -0.4072 -0.6947 0.0000
106.00 0.8070 0.8070 -0.4135 -0.4135 -0.6930 0.0000
106.25 0.8087 0.8087 -0.4197 -0.4197 -0.6913 0.0000
106.50 0.8105 0.8105 -0.4260 -0.4260 -0.6895 0.0000
106.75 0.8123 0.8123 -0.4323 -0.4323 -0.6877 0.0000
107.00 0.8141 0.8141 -0.4386 -0.4386 -0.6859 0.0000
107.25 0.8160 0.8160 -0.4448 -0.4448 -0.6840 0.0000
107.50 0.8178 0.8178 -0.4511 -0.4511 -0.6822 0.0000
107.75 0.8197 0.8197 -0.4573 -0.4573 -0.6803 0.0000
108.00 0.8216 0.8216 -0.4635 -0.4635 -0.6784 0.0000
108.25 0.8236 0.8236 -0.4697 -0.4697 -0.6764 0.0000
108.50 0.8255 0.8255 -0.4760 -0.4760 -0.6745 0.0000
108.75 0.8275 0.8275 -0.4822 -0.4822 -0.6725 0.0000
109.00 0.8295 0.8295 -0.4884 -0.4884 -0.6705 0.0000
109.25 0.8315 0.8315 -0.4945 -0.4945 -0.6685 0.0000
109.50 0.8336 0.8336 -0.5007 -0.5007 -0.6664 0.0000
109.75 0.8356 0.8356 -0.5069 -0.5069 -0.6644 0.0000
110.00 0.8377 0.8377 -0.5130 -0.5130 -0.6623 0.0000
110.25 0.8398 0.8398 -0.5192 -0.5192 -0.6602 0.0000
110.50 0.8420 0.8420 -0.5253 -0.5253 -0.6580 0.0000
110.75 0.8441 0.8441 -0.5314 -0.5314 -0.6559 0.0000
111.00 0.8463 0.8463 -0.5376 -0.5376 -0.6537 0.0000
111.25 0.8485 0.8485 -0.5437 -0.5437 -0.6515 0.0000
111.50 0.8507 0.8507 -0.5498 -0.5498 -0.6493 0.0000
111.75 0.8530 0.8530 -0.5558 -0.5558 -0.6470 0.0000
112.00 0.8552 0.8552 -0.5619 -0.5619 -0.6448 0.0000
112.25 0.8575 0.8575 -0.5680 -0.5680 -0.6425 0.0000
112.50 0.8598 0.8598 -0.5740 -0.5740 -0.6402 0.0000
112.75 0.8622 0.8622 -0.5801 -0.5801 -0.6378 0.0000
113.00 0.8645 0.8645 -0.5861 -0.5861 -0.6355 0.0000
113.25 0.8669 0.8669 -0.5921 -0.5921 -0.6331 0.0000
113.50 0.8693 0.8693 -0.5981 -0.5981 -0.6307 0.0000
113.75 0.8717 0.8717 -0.6041 -0.6041 -0.6283 0.0000
114.00 0.8741 0.8741 -0.6101 -0.6101 -0.6259 0.0000
114.25 0.8765 0.8765 -0.6161 -0.6161 -0.6235 0.0000
114.50 0.8790 0.8790 -0.6220 -0.6220 -0.6210 0.0000
114.75 0.8815 0.8815 -0.6280 -0.6280 -0.6185 0.0000
115.00 0.8840 0.8840 -0.6339 -0.6339 -0.6160 0.0000
115.25 0.8865 0.8865 -0.6399 -0.6399 -0.6135 0.0000
115.50 0.8890 0.8890 -0.6458 -0.6458 -0.6110 0.0000
115.75 0.8916 0.8916 -0.6517 -0.6517 -0.6084 0.0000
116.00 0.8941 0.8941 -0.6576 -0.6576 -0.6059 0.0000
116.25 0.8967 0.8967 -0.6634 -0.6634 -0.6033 0.0000
116.50 0.8993 0.8993 -0.6693 -0.6693 -0.6007 0.0000
116.75 0.9019 0.9019 -0.6751 -0.6751 -0.5981 0.0000
117.00 0.9046 0.9046 -0.6810 -0.6810 -0.5954 0.0000
117.25 0.9072 0.9072 -0.6868 -0.6868 -0.5928 0.0000
117.50 0.9099 0.9099 -0.6926 -0.6926 -0.5901 0.0000
117.75 0.9126 0.9126 -0.6984 -0.6984 -0.5874 0.0000
118.00 0.9153 0.9153 -0.7042 -0.7042 -0.5847 0.0000
118.25 0.9180 0.9180 -0.7100 -0.7100 -0.5820 0.0000
118.50 0.9208 0.9208 -0.7157 -0.7157 -0.5792 0.0000
118.75 0.9235 0.9235 -0.7215 -0.7215 -0.5765 0.0000
119.00 0.9263 0.9263 -0.7272 -0.7272 -0.5737 0.0000
119.25 0.9291 0.9291 -0.7329 -0.7329 -0.5709 0.0000
119.50 0.9319 0.9319 -0.7386 -0.7386 -0.5681 0.0000
119.75 0.9347 0.9347 -0.7443 -0.7443 -0.5653 0.0000
120.00 0.9375 0.9375 -0.7500 -0.7500 -0.5625 0.0000
120.25 0.9403 0.9403 -0.7557 -0.7557 -0.5597 0.0000
120.50 0.9432 0.9432 -0.7613 -0.7613 -0.5568 0.0000
120.75 0.9461 0.9461 -0.7669 -0.7669 -0.5539 0.0000
121.00 0.9489 0.9489 -0.7726 -0.7726 -0.5511 0.0000
121.25 0.9518 0.9518 -0.7782 -0.7782 -0.5482 0.0000
121.50 0.9548 0.9548 -0.7837 -0.7837 -0.5452 0.0000
121.75 0.9577 0.9577 -0.7893 -0.7893 -0.5423 0.0000
122.00 0.9606 0.9606 -0.7949 -0.7949 -0.5394 0.0000
122.25 0.9636 0.9636 -0.8004 -0.8004 -0.5364 0.0000
122.50 0.9665 0.9665 -0.8059 -0.8059 -0.5335 0.0000
122.75 0.9695 0.9695 -0.8115 -0.8115 -0.5305 0.0000
123.00 0.9725 0.9725 -0.8170 -0.8170 -0.5275 0.0000
123.25 0.9755 0.9755 -0.8224 -0.8224 -0.5245 0.0000
123.50 0.9785 0.9785 -0.8279 -0.8279 -0.5215 0.0000
123.75 0.9815 0.9815 -0.8334 -0.8334 -0.5185 0.0000
124.00 0.9845 0.9845 -0.8388 -0.8388 -0.5155 0.0000
124.25 0.9876 0.9876 -0.8442 -0.8442 -0.5124 0.0000
124.50 0.9906 0.9906 -0.8496 -0.8496 -0.5094 0.0000
124.75 0.9937 0.9937 -0.8550 -0.8550 -0.5063 0.0000
125.00 0.9967 0.9967 -0.8604 -0.8604 -0.5033 0.0000
125.25 0.9998 0.9998 -0.8657 -0.8657 -0.5002 0.0000
125.50 1.0029 1.0029 -0.8711 -0.8711 -0.4971 0.0000
125.75 1.0060 1.0060 -0.8764 -0.8764 -0.4940 0.0000
126.00 1.0091 1.0091 -0.8817 -0.8817 -0.4909 0.0000
126.25 1.0122 1.0122 -0.8870 -0.8870 -0.4878 0.0000
126.50 1.0154 1.0154 -0.8922 -0.8922 -0.4846 0.0000
126.75 1.0185 1.0185 -0.8975 -0.8975 -0.4815 0.0000
127.00 1.0216 1.0216 -0.9027 -0.9027 -0.4784 0.0000
127.25 1.0248 1.0248 -0.9079 -0.9079 -0.4752 0.0000
127.50 1.0279 1.0279 -0.9131 -0.9131 -0.4721 0.0000
127.75 1.0311 1.0311 -0.9183 -0.9183 -0.4689 0.0000
128.00 1.0343 1.0343 -0.9235 -0.9235 -0.4657 0.0000
128.25 1.0375 1.0375 -0.9286 -0.9286 -0.4625 0.0000
128.50 1.0406 1.0406 -0.9338 -0.9338 -0.4594 0.0000
128.75 1.0438 1.0438 -0.9389 -0.9389 -0.4562 0.0000
129.00 1.0470 1.0470 -0.9440 -0.9440 -0.4530 0.0000
129.25 1.0502 1.0502 -0.9491 -0.9491 -0.4498 0.0000
129.50 1.0534 1.0534 -0.9541 -0.9541 -0.4466 0.0000
129.75 1.0567 1.0567 -0.9592 -0.9592 -0.4433 0.0000
130.00 1.0599 1.0599 -0.9642 -0.9642 -0.4401 0.0000
130.25 1.0631 1.0631 -0.9692 -0.9692 -0.4369 0.0000
130.50 1.0663 1.0663 -0.9742 -0.9742 -0.4337 0.0000
130.75 1.0696 1.0696 -0.9791 -0.9791 -0.4304 0.0000
131.00 1.0728 1.0728 -0.9841 -0.9841 -0.4272 0.0000
131.25 1.0761 1.0761 -0.9890 -0.9890 -0.4239 0.0000
131.50 1.0793 1.0793 -0.9939 -0.9939 -0.4207 0.0000
131.75 1.0825 1.0825 -0.9988 -0.9988 -0.4175 0.0000
132.00 1.0858 1.0858 -1.0037 -1.0037 -0.4142 0.0000
132.25 1.0891 1.0891 -1.0086 -1.0086 -0.4109 0.0000
132.50 1.0923 1.0923 -1.0134 -1.0134 -0.4077 0.0000
132.75 1.0956 1.0956 -1.0182 -1.0182 -0.4044 0.0000
133.00 1.0988 1.0988 -1.0230 -1.0230 -0.4012 0.0000
133.25 1.1021 1.1021 -1.0278 -1.0278 -0.3979 0.0000
133.50 1.1054 1.1054 -1.0325 -1.0325 -0.3946 0.0000
133.75 1.1086 1.1086 -1.0373 -1.0373 -0.3914 0.0000
134.00 1.1119 1.1119 -1.0420 -1.0420 -0.3881 0.0000
134.25 1.1152 1.1152 -1.0467 -1.0467 -0.3848 0.0000
134.50 1.1185 1.1185 -1.0514 -1.0514 -0.3815 0.0000
134.75 1.1217 1.1217 -1.0560 -1.0560 -0.3783 0.0000
135.00 1.1250 1.1250 -1.0607 -1.0607 -0.3750 0.0000
135.25 1.1283 1.1283 -1.0653 -1.0653 -0.3717 0.0000
135.50 1.1315 1.1315 -1.0699 -1.0699 -0.3685 0.0000
135.75 1.1348 1.1348 -1.0745 -1.0745 -0.3652 0.0000
136.00 1.1381 1.1381 -1.0790 -1.0790 -0.3619 0.0000
136.25 1.1414 1.1414 -1.0835 -1.0835 -0.3586 0.0000
136.50 1.1446 1.1446 -1.0881 -1.0881 -0.3554 0.0000
136.75 1.1479 1.1479 -1.0926 -1.0926 -0.3521 0.0000
137.00 1.1512 1.1512 -1.0970 -1.0970 -0.3488 0.0000
137.25 1.1544 1.1544 -1.1015 -1.1015 -0.3456 0.0000
137.50 1.1577 1.1577 -1.1059 -1.1059 -0.3423 0.0000
137.75 1.1609 1.1609 -1.1103 -1.1103 -0.3391 0.0000
138.00 1.1642 1.1642 -1.1147 -1.1147 -0.3358 0.0000
138.25 1.1675 1.1675 -1.1191 -1.1191 -0.3325 0.0000
138.50 1.1707 1.1707 -1.1234 -1.1234 -0.3293 0.0000
138.75 1.1739 1.1739 -1.1278 -1.1278 -0.3261 0.0000
139.00 1.1772 1.1772 -1.1321 -1.1321 -0.3228 0.0000
139.25 1.1804 1.1804 -1.1363 -1.1363 -0.3196 0.0000
139.50 1.1837 1.1837 -1.1406 -1.1406 -0.3163 0.0000
139.75 1.1869 1.1869 -1.1448 -1.1448 -0.3131 0.0000
140.00 1.1901 1.1901 -1.1491 -1.1491 -0.3099 0.0000
140.25 1.1933 1.1933 -1.1533 -1.1533 -0.3067 0.0000
140.50 1.1966 1.1966 -1.1574 -1.1574 -0.3034 0.0000
140.75 1.1998 1.1998 -1.1616 -1.1616 -0.3002 0.0000
141.00 1.2030 1.2030 -1.1657 -1.1657 -0.2970 0.0000
141.25 1.2062 1.2062 -1.1698 -1.1698 -0.2938 0.0000
141.50 1.2094 1.2094 -1.1739 -1.1739 -0.2906 0.0000
141.75 1.2125 1.2125 -1.1780 -1.1780 -0.2875 0.0000
142.00 1.2157 1.2157 -1.1820 -1.1820 -0.2843 0.0000
142.25 1.2189 1.2189 -1.1860 -1.1860 -0.2811 0.0000
142.50 1.2221 1.2221 -1.1900 -1.1900 -0.2779 0.0000
142.75 1.2252 1.2252 -1.1940 -1.1940 -0.2748 0.0000
143.00 1.2284 1.2284 -1.1980 -1.1980 -0.2716 0.0000
143.25 1.2315 1.2315 -1.2019 -1.2019 -0.2685 0.0000
143.50 1.2346 1.2346 -1.2058 -1.2058 -0.2654 0.0000
143.75 1.2378 1.2378 -1.2097 -1.2097 -0.2622 0.0000
144.00 1.2409 1.2409 -1.2135 -1.2135 -0.2591 0.0000
144.25 1.2440 1.2440 -1.2174 -1.2174 -0.2560 0.0000
144.50 1.2471 1.2471 -1.2212 -1.2212 -0.2529 0.0000
144.75 1.2502 1.2502 -1.2250 -1.2250 -0.2498 0.0000
145.00 1.2533 1.2533 -1.2287 -1.2287 -0.2467 0.0000
145.25 1.2563 1.2563 -1.2325 -1.2325 -0.2437 0.0000
145.50 1.2594 1.2594 -1.2362 -1.2362 -0.2406 0.0000
145.75 1.2624 1.2624 -1.2399 -1.2399 -0.2376 0.0000
146.00 1.2655 1.2655 -1.2436 -1.2436 -0.2345 0.0000
146.25 1.2685 1.2685 -1.2472 -1.2472 -0.2315 0.0000
146.50 1.2715 1.2715 -1.2508 -1.2508 -0.2285 0.0000
146.75 1.2745 1.2745 -1.2544 -1.2544 -0.2255 0.0000
147.00 1.2775 1.2775 -1.2580 -1.2580 -0.2225 0.0000
147.25 1.2805 1.2805 -1.2616 -1.2616 -0.2195 0.0000
147.50 1.2835 1.2835 -1.2651 -1.2651 -0.2165 0.0000
147.75 1.2864 1.2864 -1.2686 -1.2686 -0.2136 0.0000
148.00 1.2894 1.2894 -1.2721 -1.2721 -0.2106 0.0000
148.25 1.2923 1.2923 -1.2755 -1.2755 -0.2077 0.0000
148.50 1.2952 1.2952 -1.2790 -1.2790 -0.2048 0.0000
148.75 1.2982 1.2982 -1.2824 -1.2824 -0.2018 0.0000
149.00 1.3011 1.3011 -1.2858 -1.2858 -0.1989 0.0000
149.25 1.3039 1.3039 -1.2891 -1.2891 -0.1961 0.0000
149.50 1.3068 1.3068 -1.2924 -1.2924 -0.1932 0.0000
149.75 1.3097 1.3097 -1.2958 -1.2958 -0.1903 0.0000
150.00 1.3125 1.3125 -1.2990 -1.2990 -0.1875 0.0000
150.25 1.3153 1.3153 -1.3023 -1.3023 -0.1847 0.0000
150.50 1.3181 1.3181 -1.3055 -1.3055 -0.1819 0.0000
150.75 1.3209 1.3209 -1.3087 -1.3087 -0.1791 0.0000
151.00 1.3237 1.3237 -1.3119 -1.3119 -0.1763 0.0000
151.25 1.3265 1.3265 -1.3151 -1.3151 -0.1735 0.0000
151.50 1.3292 1.3292 -1.3182 -1.3182 -0.1708 0.0000
151.75 1.3320 1.3320 -1.3213 -1.3213 -0.1680 0.0000
152.00 1.3347 1.3347 -1.3244 -1.3244 -0.1653 0.0000
152.25 1.3374 1.3374 -1.3275 -1.3275 -0.1626 0.0000
152.50 1.3401 1.3401 -1.3305 -1.3305 -0.1599 0.0000
152.75 1.3428 1.3428 -1.3335 -1.3335 -0.1572 0.0000
153.00 1.3454 1.3454 -1.3365 -1.3365 -0.1546 0.0000
153.25 1.3481 1.3481 -1.3395 -1.3395 -0.1519 0.0000
153.50 1.3507 1.3507 -1.3424 -1.3424 -0.1493 0.0000
153.75 1.3533 1.3533 -1.3453 -1.3453 -0.1467 0.0000
154.00 1.3559 1.3559 -1.3482 -1.3482 -0.1441 0.0000
154.25 1.3584 1.3584 -1.3510 -1.3510 -0.1416 0.0000
154.50 1.3610 1.3610 -1.3539 -1.3539 -0.1390 0.0000
154.75 1.3635 1.3635 -1.3567 -1.3567 -0.1365 0.0000
155.00 1.3660 1.3660 -1.3595 -1.3595 -0.1340 0.0000
155.25 1.3685 1.3685 -1.3622 -1.3622 -0.1315 0.0000
155.50 1.3710 1.3710 -1.3649 -1.3649 -0.1290 0.0000
155.75 1.3735 1.3735 -1.3676 -1.3676 -0.1265 0.0000
156.00 1.3759 1.3759 -1.3703 -1.3703 -0.1241 0.0000
156.25 1.3783 1.3783 -1.3730 -1.3730 -0.1217 0.0000
156.50 1.3807 1.3807 -1.3756 -1.3756 -0.1193 0.0000
156.75 1.3831 1.3831 -1.3782 -1.3782 -0.1169 0.0000
157.00 1.3855 1.3855 -1.3808 -1.3808 -0.1145 0.0000
157.25 1.3878 1.3878 -1.3833 -1.3833 -0.1122 0.0000
157.50 1.3902 1.3902 -1.3858 -1.3858 -0.1098 0.0000
157.75 1.3925 1.3925 -1.3883 -1.3883 -0.1075 0.0000
158.00 1.3948 1.3948 -1.3908 -1.3908 -0.1052 0.0000
158.25 1.3970 1.3970 -1.3932 -1.3932 -0.1030 0.0000
158.50 1.3993 1.3993 -1.3956 -1.3956 -0.1007 0.0000
158.75 1.4015 1.4015 -1.3980 -1.3980 -0.0985 0.0000
159.00 1.4037 1.4037 -1.4004 -1.4004 -0.0963 0.0000
159.25 1.4059 1.4059 -1.4027 -1.4027 -0.0941 0.0000
159.50 1.4080 1.4080 -1.4050 -1.4050 -0.0920 0.0000
159.75 1.4102 1.4102 -1.4073 -1.4073 -0.0898 0.0000
160.00 1.4123 1.4123 -1.4095 -1.4095 -0.0877 0.0000
160.25 1.4144 1.4144 -1.4118 -1.4118 -0.0856 0.0000
160.50 1.4164 1.4164 -1.4140 -1.4140 -0.0836 0.0000
160.75 1.4185 1.4185 -1.4161 -1.4161 -0.0815 0.0000
161.00 1.4205 1.4205 -1.4183 -1.4183 -0.0795 0.0000
161.25 1.4225 1.4225 -1.4204 -1.4204 -0.0775 0.0000
161.50 1.4245 1.4245 -1.4225 -1.4225 -0.0755 0.0000
161.75 1.4264 1.4264 -1.4245 -1.4245 -0.0736 0.0000
162.00 1.4284 1.4284 -1.4266 -1.4266 -0.0716 0.0000
162.25 1.4303 1.4303 -1.4286 -1.4286 -0.0697 0.0000
162.50 1.4322 1.4322 -1.4306 -1.4306 -0.0678 0.0000
162.75 1.4340 1.4340 -1.4325 -1.4325 -0.0660 0.0000
163.00 1.4359 1.4359 -1.4345 -1.4345 -0.0641 0.0000
163.25 1.4377 1.4377 -1.4364 -1.4364 -0.0623 0.0000
163.50 1.4395 1.4395 -1.4382 -1.4382 -0.0605 0.0000
163.75 1.4413 1.4413 -1.4401 -1.4401 -0.0587 0.0000
164.00 1.4430 1.4430 -1.4419 -1.4419 -0.0570 0.0000
164.25 1.4447 1.4447 -1.4437 -1.4437 -0.0553 0.0000
164.50 1.4464 1.4464 -1.4454 -1.4454 -0.0536 0.0000
164.75 1.4481 1.4481 -1.4472 -1.4472 -0.0519 0.0000
165.00 1.4498 1.4498 -1.4489 -1.4489 -0.0502 0.0000
165.25 1.4514 1.4514 -1.4506 -1.4506 -0.0486 0.0000
165.50 1.4530 1.4530 -1.4522 -1.4522 -0.0470 0.0000
165.75 1.4546 1.4546 -1.4538 -1.4538 -0.0454 0.0000
166.00 1.4561 1.4561 -1.4554 -1.4554 -0.0439 0.0000
166.25 1.4576 1.4576 -1.4570 -1.4570 -0.0424 0.0000
166.50 1.4591 1.4591 -1.4586 -1.4586 -0.0409 0.0000
166.75 1.4606 1.4606 -1.4601 -1.4601 -0.0394 0.0000
167.00 1.4620 1.4620 -1.4616 -1.4616 -0.0380 0.0000
167.25 1.4635 1.4635 -1.4630 -1.4630 -0.0365 0.0000
167.50 1.4649 1.4649 -1.4644 -1.4644 -0.0351 0.0000
167.75 1.4662 1.4662 -1.4658 -1.4658 -0.0338 0.0000
168.00 1.4676 1.4676 -1.4672 -1.4672 -0.0324 0.0000
168.25 1.4689 1.4689 -1.4686 -1.4686 -0.0311 0.0000
168.50 1.4702 1.4702 -1.4699 -1.4699 -0.0298 0.0000
168.75 1.4715 1.4715 -1.4712 -1.4712 -0.0285 0.0000
169.00 1.4727 1.4727 -1.4724 -1.4724 -0.0273 0.0000
169.25 1.4739 1.4739 -1.4737 -1.4737 -0.0261 0.0000
169.50 1.4751 1.4751 -1.4749 -1.4749 -0.0249 0.0000
169.75 1.4763 1.4763 -1.4761 -1.4761 -0.0237 0.0000
170.00 1.4774 1.4774 -1.4772 -1.4772 -0.0226 0.0000
170.25 1.4785 1.4785 -1.4783 -1.4783 -0.0215 0.0000
170.50 1.4796 1.4796 -1.4794 -1.4794 -0.0204 0.0000
170.75 1.4806 1.4806 -1.4805 -1.4805 -0.0194 0.0000
171.00 1.4816 1.4816 -1.4815 -1.4815 -0.0184 0.0000
171.25 1.4826 1.4826 -1.4825 -1.4825 -0.0174 0.0000
171.50 1.4836 1.4836 -1.4835 -1.4835 -0.0164 0.0000
171.75 1.4846 1.4846 -1.4845 -1.4845 -0.0154 0.0000
172.00 1.4855 1.4855 -1.4854 -1.4854 -0.0145 0.0000
172.25 1.4864 1.4864 -1.4863 -1.4863 -0.0136 0.0000
172.50 1.4872 1.4872 -1.4872 -1.4872 -0.0128 0.0000
172.75 1.4881 1.4881 -1.4880 -1.4880 -0.0119 0.0000
173.00 1.4889 1.4889 -1.4888 -1.4888 -0.0111 0.0000
173.25 1.4896 1.4896 -1.4896 -1.4896 -0.0104 0.0000
173.50 1.4904 1.4904 -1.4904 -1.4904 -0.0096 0.0000
173.75 1.4911 1.4911 -1.4911 -1.4911 -0.0089 0.0000
174.00 1.4918 1.4918 -1.4918 -1.4918 -0.0082 0.0000
174.25 1.4925 1.4925 -1.4925 -1.4925 -0.0075 0.0000
174.50 1.4931 1.4931 -1.4931 -1.4931 -0.0069 0.0000
174.75 1.4937 1.4937 -1.4937 -1.4937 -0.0063 0.0000
175.00 1.4943 1.4943 -1.4943 -1.4943 -0.0057 0.0000
175.25 1.4949 1.4949 -1.4948 -1.4948 -0.0051 0.0000
175.50 1.4954 1.4954 -1.4954 -1.4954 -0.0046 0.0000
175.75 1.4959 1.4959 -1.4959 -1.4959 -0.0041 0.0000
176.00 1.4964 1.4964 -1.4963 -1.4963 -0.0036 0.0000
176.25 1.4968 1.4968 -1.4968 -1.4968 -0.0032 0.0000
176.50 1.4972 1.4972 -1.4972 -1.4972 -0.0028 0.0000
176.75 1.4976 1.4976 -1.4976 -1.4976 -0.0024 0.0000
177.00 1.4979 1.4979 -1.4979 -1.4979 -0.0021 0.0000
177.25 1.4983 1.4983 -1.4983 -1.4983 -0.0017 0.0000
177.50 1.4986 1.4986 -1.4986 -1.4986 -0.0014 0.0000
177.75 1.4988 1.4988 -1.4988 -1.4988 -0.0012 0.0000
178.00 1.4991 1.4991 -1.4991 -1.4991 -0.0009 0.0000
178.25 1.4993 1.4993 -1.4993 -1.4993 -0.0007 0.0000
178.50 1.4995 1.4995 -1.4995 -1.4995 -0.0005 0.0000
178.75 1.4996 1.4996 -1.4996 -1.4996 -0.0004 0.0000
179.00 1.4998 1.4998 -1.4998 -1.4998 -0.0002 0.0000
179.25 1.4999 1.4999 -1.4999 -1.4999 -0.0001 0.0000
179.50 1.4999 1.4999 -1.4999 -1.4999 -0.0001 0.0000
179.75 1.5000 1.5000 -1.5000 -1.5000 -0.0000 0.0000
180.00 1.5000 1.5000 -1.5000 -1.5000 -0.0000 0.0000
